159580
270020
060310
015260
234070
262260
140910
013310
071670
036010
298380
078520
203400
102120
131400
138360
052790
179530
054630
200710
018250
036180
312610
013990
001540
053800
039230
095570
059120
033660
027360
006840
161000
297570
001780
074430
125210
002790
090430
008700
123860
310200
121600
065660
267810
265520
200470
207490
054620
211270
089970
149300
058220
127710
183190
002030
002310
154030
050860
246720
067390
241840
089530
045660
224110
158430
017900
039830
031510
083930
149950
032080
174900
195990
950130
088800
003800
290740
205500
067160
298690
238120
117670
196170
085810
123750
092040
052710
025980
251280
196300
109960
007460
003060
293780
291650
260660
096690
020560
267850
021080
067170
215050
035150
267790
064520
318410
200780
148140
148780
046310
027410
282330
090460
083650
238200
005180
216400
208710
064550
199290
281310
032850
030790
142760
033560
086670
256840
271780
138930
000890
002760
001270
008470
250000
003850
006910
288330
064480
101140
066410
003000
002410
015350
011390
001460
032980
007210
155900
018700
035620
206400
352820
053030
086820
266470
038460
222160
086040
093190
263920
225530
206640
226340
026940
066980
337930
014470
138580
264660
094360
078340
013700
347140
064820
006380
214370
317530
072020
049960
066790
049180
037760
222420
012600
308170
051980
002420
258250
085660
033250
052670
001560
217600
089010
003780
002780
100250
010640
001550
002600
018470
004700
004910
000950
185750
001630
047820
000480
120030
140290
000650
103660
222080
004920
001040
079160
097950
035760
051500
000120
011150
063160
900120
214150
237880
043590
263700
058820
225330
023460
115530
245450
078940
224060
036690
307930
031820
109070
027050
166480
192820
222040
044820
241710
005070
005420
069110
021240
056360
033290
282880
101240
215570
264900
005740
033110
065770
297090
000590
083660
112610
060590
071850
260930
115480
182360
021650
192400
284740
060280
015590
040350
051780
051630
160980
042000
050110
180400
016920
308100
331920
299660
268600
068270
091990
068760
004650
009310
030000
220260
013720
066360
033100
147830
034940
311690
278280
096240
045520
045970
047770
900310
104540
189350
082660
110790
041460
114120
900250
083790
043090
217330
263720
290670
045390
012800
015230
000490
178600
008060
353200
001130
084010
003830
069460
021040
016090
078600
120240
019680
005750
000210
006570
317850
007720
001680
084690
048470
016710
025440
117580
128820
007680
024890
048910
003220
000430
003090
069620
108380
014160
290380
008110
131220
003540
009190
064260
119860
032190
023590
066900
039560
058730
196490
263800
006340
323350
068240
139050
002880
000300
012030
322780
000990
005830
016610
099410
024090
033130
079810
261200
145720
263600
227100
067990
139130
043360
060900
067080
054670
131030
003160
001530
092200
020180
004890
131180
039840
271850
196450
110990
290550
263020
105740
068790
134580
127120
092070
227420
002150
088130
282690
002690
170900
041930
007590
004140
109860
005290
005160
075970
001230
023450
026960
005190
102260
033500
002210
025900
000020
049770
030720
006040
018500
088910
094170
079960
084670
092780
008970
000150
012510
026890
163430
004840
163560
192650
263690
214680
241520
034020
077360
042670
109740
036480
096350
155660
069730
033430
066670
187220
007340
016740
176750
024900
213420
004830
073190
047040
009320
014820
013570
210540
060380
104460
140520
078140
008830
020400
006370
003310
114920
001880
017650
004780
104040
027830
005710
042660
006580
023910
307750
332290
336570
343090
199150
348840
290120
187870
194480
206560
113810
086080
217620
197140
068930
106520
028100
006620
086450
000640
005960
023790
032960
100130
025950
013120
241560
336260
336370
192080
030350
203650
223250
060570
090410
317330
088260
101360
341310
096040
084680
024810
017940
039020
008250
353810
208850
230360
128540
064510
038110
086520
247540
067010
245620
215090
037370
093230
037950
063760
065440
091120
095190
123570
058970
232530
079190
083470
019990
011090
102710
074610
183490
039030
294090
224810
160600
241510
052190
087730
041910
069510
047560
023410
001200
000700
041440
258610
088290
054940
092870
031310
044960
900110
035810
323210
349720
038870
001840
264850
054210
276240
169330
208860
950140
140610
317870
073070
043340
206650
321260
331380
084370
263050
270660
226360
185490
090850
007700
036580
150900
033180
049120
278990
036810
133820
038950
106240
131760
010820
064090
173940
083500
005670
093370
189690
119500
073540
214270
016800
032800
027710
225590
327610
032580
081660
150440
300080
064850
290720
141020
056730
053160
195440
220100
270520
299480
114570
115450
053270
079940
076340
051160
011420
063080
000500
006280
005250
142280
234690
109820
011000
263860
225220
122310
066830
036190
130500
049080
114090
019660
204840
013870
119850
065060
192410
135160
215000
121440
033340
329050
083420
031390
186230
204020
900290
006360
001250
078930
007070
053050
028150
900070
083450
219750
045890
111820
094480
082270
064800
041590
072520
229000
086060
217190
095700
123330
043610
187420
314130
228760
204620
032860
038530
900280
183410
243870
144510
037710
035000
044990
003530
066130
003010
008800
195870
060980
014130
086790
332710
341160
009420
307160
039130
005110
009460
030520
002390
143210
020000
220180
003300
006390
002220
046110
123840
007770
300720
097230
002320
180640
023890
123690
050540
002960
025890
000240
161390
053590
017960
092460
042700
052600
011500
066110
042520
016450
069640
004960
011700
004150
010420
213500
226440
009240
003680
000880
012450
088350
317320
009830
272210
340440
078350
045100
001750
136480
078150
047080
072990
048410
012630
039570
294870
089470
256150
170030
037440
900270
322000
003280
010240
230240
003480
172580
317240
340120
238490
071090
000080
000140
019490
221840
044780
003350
023760
037230
028300
043220
067630
239610
353070
011200
001500
000850
101680
176440
036640
006060
013520
039610
082740
008770
106190
205470
115160
028080
005870
290270
243070
005010
212310
079980
010660
061250
241590
010690
126640
002460
013030
004800
094280
097870
106080
307950
052260
004560
267270
011760
227840
069960
267260
017800
000720
016790
086280
005440
079430
010620
012330
005380
004310
064350
004020
039010
011210
267250
057050
001450
093240
011080
053660
092300
034810
102210
076610
220630
101530
014790
107640
025550
166090
067310
293480
343510
079170
014680
086960
054920
005860
024740
008930
053690
128940
018880
039670
105630
070590
009180
004710
002680
000370
003380
084990
000540
024060
153360
149980
111110
060560
025750
069260
145020
200670
084110
284420
065510
032560
126700
298050
298000
298040
298020
090710
126560
189980
052860
024110
339950
299170
335890
335870
351340
351320
059100
040910
143160
054800
332370
350520
334890
067920
003560
149010
249420
307180
000230
008500
081000
020760
103590
015860
020150
094820
164060
003200
007110
013360
003120
058450
007570
101390
036260
115610
122900
090740
226350
211050
034590
083640
023810
071200
175140
115310
041020
053350
215790
214320
344860
302430
279060
086250
088390
272290
277410
006490
060150
033230
064290
051370
129260
119610
049070
079950
023800
037330
078860
114810
223220
010780
095340
069920
086890
005950
007660
226320
124500
119830
084850
052770
099520
175250
019540
014990
041830
216050
039290
101930
049550
246960
073490
189300
240340
017250
035080
150840
058420
026040
000440
221610
049630
033240
090470
175330
137950
033320
271980
002620
038010
089590
036930
065620
022220
120780
216080
010580
233990
272450
250030
088790
036890
007370
110020
322510
033050
094970
126880
204270
044060
044380
348950
194370
208350
080220
089790
950170
208140
054950
096760
234080
001060
067290
035900
174880
025620
036420
023440
006220
067000
101730
018120
043290
039240
017890
284620
123890
003490
014200
000860
217730
114190
078890
327970
317030
323940
330990
342550
024120
105560
200130
024840
001620
318000
029460
119650
025880
009440
112190
021320
002380
344820
054040
036670
115500
089150
009070
281820
044180
221980
071320
011040
092220
023350
006200
015760
052690
051600
130660
053260
012200
054780
123410
016380
151860
001390
035600
046440
060720
000270
053300
025770
039740
071050
152550
168490
093320
002240
104700
001940
092440
039490
039420
102940
083550
122450
052900
225430
032500
058400
278650
105330
071950
015710
046070
080530
029960
078650
161890
024720
002020
120110
144620
138490
049430
041960
052400
126600
005430
000970
007810
025540
002200
010100
002140
005880
004090
010130
357120
047810
190650
152330
198440
331660
032300
007280
290510
014570
034830
094860
052330
049720
089890
009730
121850
024880
006650
042040
256940
054410
025000
092230
114450
034950
000040
010040
065530
043650
101670
009540
073010
044450
030200
053210
060370
033780
030210
036030
145270
058850
058860
078130
001140
066620
007690
005320
014530
060480
006050
008870
001210
214330
002990
011780
073240
014280
033270
017040
009290
090150
001570
013580
030610
214390
009450
053950
012610
000050
267290
012320
009140
002100
035720
293490
035250
274090
020120
139670
035460
012170
311270
004540
272110
223310
183300
036460
098460
950160
003070
291210
310870
004590
003690
192250
002720
026910
355150
307280
331520
044480
024910
290650
066970
156100
115390
281740
311060
061970
096870
012700
016100
025820
058470
039980
294140
297890
093050
051910
003550
034220
066570
051900
108670
037560
011070
001120
032640
079550
069540
171120
138690
050120
073110
067730
060240
083310
004990
011170
005300
280360
286940
002270
004000
071840
330590
023530
032350
006260
229640
010120
000680
170920
162120
038060
082800
033600
900140
084650
300120
019570
141080
285770
277070
219420
036170
029480
000400
085370
092590
225860
001810
347890
033310
087260
005990
093520
204320
001080
027740
357250
094800
021880
141070
097520
098120
201490
950190
241770
014100
041920
054180
047920
078160
200580
058110
096640
100590
138040
008560
059210
090370
251960
058630
032790
023150
003650
218150
214180
025560
006800
353490
328380
333430
085620
028040
213090
179290
134380
002840
268280
267060
033160
088980
127160
095500
033200
101330
012860
080160
204210
012690
005360
008420
009200
009680
118990
065150
219550
123040
009780
257370
019590
107590
017180
038290
267980
195500
222980
235980
279600
233250
065650
236340
086900
133750
000060
327260
140410
059090
214610
305090
147760
222810
225850
100790
007120
208890
250060
100030
080420
006920
322970
009580
207760
033920
067280
101400
054050
227950
153460
025860
001260
008350
004270
242040
190510
003920
187790
286750
244880
151910
051490
288490
225570
007390
293580
035420
092600
036570
238090
053290
290660
212560
085910
095660
042420
033640
056000
126870
160550
085670
002350
065170
003580
348210
089140
093510
338100
310840
319400
353190
359090
005940
181710
104200
060250
008260
138610
034310
030190
130580
063570
036800
085310
009810
182400
229500
043910
004370
000320
090350
194700
285490
004250
198080
048830
144960
217820
138250
224760
238170
031860
012340
040160
060260
067570
005720
267320
091590
111710
091970
039860
089600
168330
086220
311390
306620
092730
253590
217270
251270
900100
214870
270870
041140
137940
065560
072710
317860
069140
002630
241790
010060
039200
080520
138080
045060
080580
244460
122830
173130
014940
109080
082210
078590
900300
010470
271560
001800
053980
048260
226400
052420
007310
227610
006090
329020
226950
057540
049480
153710
046120
065500
239890
347740
137400
001340
065690
068050
007980
046210
202960
003610
091700
043200
037070
177830
038160
051380
241820
087010
043370
217950
090080
010770
161580
050090
178920
347770
006140
128660
075130
023770
035200
017810
237750
131390
242350
024940
256630
007630
103140
005810
005490
058430
003670
022100
047050
009520
047310
037030
062970
203690
053610
303360
214450
319660
031980
024850
002230
094940
251970
093380
007330
005030
222110
028670
054300
001020
034230
033540
140860
263750
304840
208340
005690
318010
057880
170790
087600
237820
222670
016670
266870
950200
023900
016600
136660
066310
115180
171010
317120
232680
214260
228850
060300
266170
302550
102460
218410
061040
096610
000760
148250
108490
071280
900260
050320
140670
131370
217500
191410
200350
042510
228670
038390
042500
238500
215100
090360
096630
050760
900080
260970
091340
101490
100840
003570
036530
064960
103230
012750
095910
097780
010950
075180
122690
053060
145210
007160
008040
014710
304100
006110
023600
009620
053700
111870
001470
004690
024950
263540
004450
046390
000390
002450
004380
004440
002290
000520
037460
054090
005500
009770
100090
122350
005090
018310
038500
017480
207940
028260
029780
006660
005930
009150
028050
000810
010140
032830
309930
001360
068290
006400
018260
016360
291230
031330
001820
009470
011230
023000
003230
225190
272550
002170
003720
005680
002810
001290
263810
041650
091580
060540
158300
067830
950110
019550
027580
034120
046140
101060
102280
023960
080470
000250
042110
000180
036120
298060
217480
010960
099220
121890
001430
058650
004360
011560
232830
131090
096530
075580
067770
033530
036630
039310
053450
108860
208370
007540
248170
347000
100660
035890
178320
007610
011300
017390
004410
018680
092190
043710
021050
007860
019770
200880
042600
027040
049830
252500
091090
021820
013000
100700
031440
056190
036540
288620
089980
255220
001380
004060
040610
049470
224880
184230
004490
002360
243840
016590
290520
055550
004080
001770
002700
002870
019170
004170
035510
031430
011930
005390
056700
009270
001720
005800
086980
323280
344050
065420
099320
010280
260870
020710
004970
025870
222800
036710
009160
029530
006880
138070
002800
217910
003960
189860
306040
080440
258830
123700
025530
034730
307070
210980
006120
018670
096770
036490
337450
340350
068400
001510
017670
326030
000660
014620
011790
057500
285130
224020
001740
131100
005850
246250
048550
063440
007820
041510
099440
299670
038680
950180
086460
080000
258790
032680
035610
043100
004430
066910
017550
050960
053110
005610
058610
317830
270210
003410
003620
046890
306200
065350
236030
101000
275630
237690
115570
052020
039440
098660
204630
011810
077970
071970
234300
008490
003100
116100
002820
003080
037350
043260
014910
004980
081580
045300
171090
136490
004770
217320
058530
289080
015750
093920
109610
145990
054540
269620
009300
032280
032750
014970
000070
065570
042940
038540
307870
329560
143240
148150
019440
003030
214310
136510
017510
006730
011370
065710
079650
038070
063170
234340
234100
024830
187270
323230
333050
293940
012790
034300
017000
134790
033170
108320
215600
001000
159910
033790
050890
230980
154040
084180
357780
036830
013810
192440
158310
258540
253450
294630
253840
067370
123420
185190
236200
094840
317770
140070
048870
025320
226330
057680
246710
117730
003240
014580
006890
015890
001420
044490
053620
004100
009410
001440
001070
055490
033830
084870
002710
064760
302920
308700
200230
078000
073640
095610
131970
089230
161570
015540
066700
019180
322180
219130
217880
032540
104480
191600
023160
062860
298540
079970
215480
001520
082640
228340
002900
214420
065130
180060
108230
051360
048770
130740
105550
001790
284610
045340
026150
131290
277880
246690
309900
363280
124560
010170
011280
093640
258050
089030
191420
054450
091440
182690
084730
208640
321550
199800
081150
004870
091810
056090
178780
069330
221800
072130
032620
084440
089850
038340
049520
065680
011330
011320
014830
000910
080720
047400
121060
077500
036200
018000
241690
114630
263770
179900
337840
264450
078070
086390
203450
142210
251630
301300
043150
299910
065450
096300
126340
100220
072950
082920
002070
206950
018290
323990
019010
094850
177350
141000
210120
121800
100120
036620
042370
054220
052300
215360
072470
196700
079000
095270
076080
010600
035290
016580
073570
010050
008600
313760
104830
900340
071460
044340
320000
024070
065370
348350
140660
038620
036090
216280
053080
014190
030530
240810
074600
005820
018620
105840
010400
049800
215380
016880
095720
082850
153490
037400
118000
004720
101170
046970
073560
017370
006980
103840
039340
008290
066590
041190
299900
053580
069080
065950
112040
332570
122990
192390
097800
136540
273060
330350
032940
278380
012620
008370
316140
115440
032820
046940
101160
254120
189330
205100
070300
317400
067900
066430
255440
057030
104620
012280
053280
122640
122870
019210
037270
265560
336040
232140
193250
155650
251370
115960
002920
024800
008730
014440
000670
006740
012160
070960
036560
040300
000100
003460
003520
048430
011690
051390
143540
030960
250930
036000
179720
015360
054930
060850
111770
009970
007530
287410
340360
313750
336060
003470
056080
072770
000220
079370
013890
239340
045510
234920
303030
092130
041520
015020
134060
078020
080010
016250
139480
060230
099750
354230
064240
099190
289010
214430
038880
123010
052460
052220
048530
068940
068330
181340
040420
049950
072870
215200
259630
069410
027970